

[Application]

MeasuredCPI = 1.3252794620395

InstructionsPerFetch = 

BranchMispredictRate = 9.24359326695968e-06
TakenBranchRate = 0.99999046347511

ICacheMissRate = 2.92241561349381e-06 
ITLB1MissRate = 5.65592742568314e-07
ITLB2MissRate = 2.0401058171318e-07

DStoreForwardRate = 0.0
DL1MissRate = 0.039430354201882
DTLB1MissRate = 0.0102843455263418
DTLB2MissRate = 0.00112529926232286

L2MissRate = 0.501015775478817
#L3MissRate =  0.4052 
#L3MissRate = 0.0001
L3MissRate = 1
